33 32
32 32
315
9
3
0 0 0 0 0 0 0 0 0 1 0 1 0 0 0 0 0 0 0 0 0 0 0 1 0 1 0 0 0 0 0 0 0
0 0 0 0 0 0 0 0 0 1 0 1 1 1 1 0 0 0 0 0 0 0 0 1 0 1 0 0 0 0 0 0 0
0 0 0 0 0 0 0 0 1 1 0 0 0 0 1 0 0 0 0 0 0 0 0 1 0 1 0 0 0 0 0 0 0
0 0 0 0 0 1 1 1 1 0 0 0 0 0 1 1 0 0 0 0 0 0 0 1 0 1 0 0 0 0 0 0 0
1 1 1 1 1 1 0 0 0 0 0 0 0 0 0 1 0 0 0 0 0 0 0 1 0 1 0 0 0 0 0 0 0
0 0 0 0 0 0 0 0 0 0 0 0 0 0 0 1 1 0 0 0 0 0 0 1 0 1 0 0 0 0 0 0 0
1 1 1 1 1 1 1 1 1 0 0 0 0 0 0 0 1 1 1 1 1 1 1 1 0 1 0 0 0 0 0 0 0
1 1 1 1 1 0 0 1 1 6 0 0 0 0 0 0 0 0 0 0 0 0 11 0 0 1 1 0 0 0 0 0 0
1 1 1 1 1 0 0 1 1 1 1 0 0 0 0 0 0 0 0 0 0 0 0 0 0 0 1 0 0 0 0 0 0
1 1 0 1 0 0 0 1 1 1 0 0 0 0  0 0 0 0 0 1 1 1 1 0 1 0 1 0 0 0 0 0 0
1 1 0 1 0 0 0 1 1 0 1 0 0 0  0 0 0 0 0 1 0 0 1 0 0 1 1 1 1 1 1 1 1
0 0 1 0 0 0 0 1 1 1 1 0 0 0 12 0 0 0 0 1 0 0 1 1 0 1 0 1 0 0 0 0 0
0 0 1 1 0 0 0 1 1 1 0 0 0 0  0 0 0 0 0 1 1 0 0 1 0 1 2 1 0 0 4 0 0
0 0 1 1 0 0 0 0 1 1 0 0 0 0  0 0 0 0 0 0 1 1 1 1 0 1 1 1 0 0 0 0 0
 0 0 1 0 0 0 0 0 1 1 0 0 0 1 0 1 0 0 0 0 0 0 0 0 0 0 0 0 0 0 0 0 0
 0 0 1 0 0 0 0 0 0 0 0 0 0 1 0 1 0 0 0 0 0 0 0 0 0 0 0 1 1 1 1 1 1
 0 0 1 1 1 1 1 1 1 0 0 0 0 0 0 0 1 1 0 0 0 1 1 0 0 0 0 1 0 0 0 0 0
 0 0 0 0 0 0 0 0 1 0 0 0 0 0 0 0 1 1 0 0 1 3 0 1 0 0 0 1 0 0 0 0 0
 0 0 0 0 0 0 0 0 1 1 1 1 1 1 0 0 0 0 0 0 0 0 0 0 0 0 0 1 0 0 0 0 0
 0 0 0 0 0 0 0 0 0 0 0 0 0 1 0 0 0 0 0 0 0 0 0 0 0 0 0 1 1 0 0 0 0
 0 0 0 0 0 0 0 0 0 0 0 0 0 1 0 0 1 1 0 1 1 1 0 0 0 0 0 0 1 0 0 0 0
 0 0 0 0 1 1 1 1 1 0 0 0 0 1 0 0 1 1 0 1 1 0 0 1 0 1 1 0 1 1 1 1 1
 1 1 1 1 1 0 10 0 1 1 1 1 1 1 0 0 1 1 0 1 0 0 0 0 0 1 1 0 0 9 0 0 0
-1 0 0 0 0 0 0 0 0 0 0 0 0 0 0 0 0 0 0 0 0 1 0 0 0 1 1 0 1 1 1 1 1
 0 0 0 0 0 0 0 0 0 0 0 0 1 1 0 1 1 1 1 1 0 0 0 0 0 1 1 0 1 1 1 1 1
 1 1 1 1 1 1 1 0 0 0 0 0 1 1 0 1 0 0 0 1 0 0 0 0 0 1 1 0 14 0 0 0 0
 0 0 0 0 0 0 1 1 1 1 0 0 1 1 0 1 0 -4 0 1 0 1 1 0 0 0 0 0 0 0 0 0 -3
 0 0 0 0 0 0 0 0 0 1 1 0 0 0 0 1 1 0 1 1 0 1 1 0 0 0 1 0 1 0 0 0 0
 0 0 0 0 0 0 0 0 0 0 1 1 1 1 0 0 0 0 0 0 0 1 1 0 0 0 1 0 1 1 1 1 1
 0 0 0 0 0 0 0 0 0 0 0 0 0 1 1 1 1 1 1 1 1 1 1 1 1 1 1 0 1 0 0 0 0
 0 0 0 0 0 0 0 0 0 0 0 0 0 0 0 0 0 0 0 0 0 0 0 0 0 0 1 0 1 0 0 0 0
 0 0 0 0 0 0 0 0 0 0 0 0 0 0 0 0 0 0 0 0 0 0 0 0 0 0 1 0 1 0 0 0 0